29 406 1047 1489
29 406 1047 1489
34 406 1041 1489
25 409 1051 1486
23 411 1053 1486
27 411 1048 1484
27 410 1049 1485
32 411 1043 1483
33 411 1042 1483
34 409 1042 1485
39 416 976 1143
31 407 1044 1486
37 416 976 1141
34 416 978 1144
34 419 980 1149
30 415 1046 1480
29 416 1047 1479
31 416 1045 1479
26 419 1048 1475
23 418 1052 1477
28 415 1048 1479
29 412 1045 1482
31 412 1045 1482
31 413 1044 1482
28 416 1047 1478
27 419 1049 1477
32 421 1044 1473
38 424 1038 1471
37 427 1039 1468
36 426 1040 1469
38 428 1038 1467
37 430 1039 1464
38 431 1038 1464
42 432 1034 1463
46 442 977 1139
44 444 982 1138
40 436 1035 1458
37 437 1038 1458
37 437 1039 1459
33 434 1043 1461
26 434 1049 1461
27 434 1046 1461
31 433 1044 1461
34 431 1041 1462
50 433 993 1156
52 432 987 1160
52 430 988 1161
53 428 988 1165
54 431 985 1163
46 434 995 1168
55 434 987 1163
52 435 991 1172
53 434 988 1175
51 433 993 1179
52 434 992 1182
51 428 1026 1466
49 432 1005 1176
51 429 1006 1185
52 431 997 1206
52 434 995 1199
54 424 1004 1219
52 422 1013 1227
49 421 1023 1232
36 414 1040 1481
28 402 1047 1490
12 397 1066 1496
16 399 1063 1493
17 393 1056 1499
19 389 1055 1503
27 387 1050 1506
23 388 1053 1506
25 387 1051 1506
28 389 1048 1503
30 390 1045 1502
25 391 1049 1502
22 394 1052 1499
19 393 1052 1501
24 393 1050 1499
26 392 1049 1500
33 390 1043 1503
29 390 1046 1502
27 390 1049 1502
22 388 1054 1504
23 389 1053 1503
23 388 1053 1504
26 388 1050 1504
25 388 1051 1505
26 388 1050 1504
28 387 1048 1505
27 390 1049 1503
26 390 1044 1502
21 391 1053 1502
17 393 1054 1500
18 393 1054 1499
18 394 1055 1498
17 395 1055 1497
19 395 1055 1497
20 393 1053 1500
18 394 1054 1499
19 393 1054 1499
19 393 1054 1499
21 391 1052 1501
25 390 1050 1502
27 390 1049 1501
27 390 1049 1502
29 390 1046 1501
30 392 1045 1500
30 390 1046 1502
30 390 1045 1501
38 390 1038 1502
46 390 1031 1501
39 391 1038 1501
45 390 1032 1503
40 392 1036 1499
36 395 1040 1498
46 395 1031 1497
45 397 1032 1495
33 398 1042 1494
46 399 1031 1494
57 402 1021 1493
47 405 1030 1490
53 404 1024 1490
54 405 1023 1490
44 406 1033 1488
46 407 1031 1487
49 407 1028 1487
58 406 1019 1489
58 407 1019 1488
60 408 1017 1487
59 409 1017 1487
55 408 1022 1487
48 408 1028 1486
51 410 1024 1485
61 411 1013 1485
55 414 1017 1481
61 417 1013 1480
62 417 1014 1479
58 419 1014 1478
49 420 1023 1476
51 421 1022 1475
49 420 1025 1476
53 420 1024 1476
52 418 1025 1479
53 415 1024 1482
58 416 1018 1481
60 414 1017 1483
63 413 1012 1483
63 414 1013 1482
58 415 1019 1481
61 415 1016 1482
67 415 1010 1483
57 416 1019 1481
53 416 1023 1481
58 417 1019 1480
65 418 1012 1479
63 417 1014 1480
63 419 1015 1478
57 418 1020 1479
56 418 1021 1478
56 418 1021 1478
55 419 1022 1477
53 417 1024 1479
59 416 1018 1480
61 414 1016 1482
49 414 1028 1481
